197,3
197,2
197,1
197,0
196,5
196,4
196,3
196,2
196,1
196,0
195,4
195,3
195,2
195,1
195,0
194,3
194,2
194,1
194,0
193,3
193,2
193,1
193,0
192,4
192,3
192,2
192,1
192,0
191,3
191,2
191,1
191,0
188,3
188,2
188,1
188,0
187,5
187,4
187,3
187,2
187,1
187,0
186,4
186,3
186,2
186,1
186,0
185,3
185,2
185,1
185,0
184,3
184,2
184,1
184,0
183,4
183,3
183,2
183,1
183,0
182,3
182,2
182,1
182,0
0,278
0,9
10,312
10,122
10,118
10,230
10,120
10,270
10,116
11,12
11,4
8,14
8,17
177,3
177,2
177,1
177,0
176,5
176,4
176,3
176,2
176,1
176,0
175,4
175,3
175,2
175,1
175,0
174,3
174,2
174,1
174,0
172,4
172,3
172,2
172,1
172,0
171,3
171,2
171,1
171,0
20,3
20,2
20,1
19,3
19,2
19,1
12,3
12,2
12,1
11,29
11,28
11,26
11,24
11,21
11,19
18,1
18,3
14,1
14,3
13,1
11,18
13,3
11,15
11,14
